# 25 25
// edges
0 0 1 0 0 0
0 1 1 0 0 0
0 2 1 0 0 0
0 3 1 0 0 0
0 4 1 0 0 0
0 5 1 0 0 0
0 6 1 0 0 0
0 7 1 0 0 0
0 8 1 0 0 0
0 9 1 0 0 0
0 10 1 0 0 0
0 11 1 0 0 0
0 12 1 0 0 0
0 13 1 0 0 0
0 14 1 0 0 0
0 15 1 0 0 0
0 16 1 0 0 0
0 17 1 0 0 0
0 18 1 0 0 0
0 19 1 0 0 0
0 20 1 0 0 0
0 21 1 0 0 0
0 22 1 0 0 0
0 23 1 0 0 0
0 24 1 0 0 0
//
0 0 0 0 0 1
1 0 0 0 0 1
2 0 0 0 0 1
3 0 0 0 0 1
4 0 0 0 0 1
5 0 0 0 0 1
6 0 0 0 0 1
7 0 0 0 0 1
8 0 0 0 0 1
9 0 0 0 0 1
10 0 0 0 0 1
11 0 0 0 0 1
12 0 0 0 0 1
13 0 0 0 0 1
14 0 0 0 0 1
15 0 0 0 0 1
16 0 0 0 0 1
17 0 0 0 0 1
18 0 0 0 0 1
19 0 0 0 0 1
20 0 0 0 0 1
21 0 0 0 0 1
22 0 0 0 0 1
23 0 0 0 0 1
24 0 0 0 0 1
//
24 0 0 0 1 0
24 1 0 0 1 0
24 2 0 0 1 0
24 3 0 0 1 0
24 4 0 0 1 0
24 5 0 0 1 0
24 6 0 0 1 0
24 7 0 0 1 0
24 8 0 0 1 0
24 9 0 0 1 0
24 10 0 0 1 0
24 11 0 0 1 0
24 12 0 0 1 0
24 13 0 0 1 0
24 14 0 0 1 0
24 15 0 0 1 0
24 16 0 0 1 0
24 17 0 0 1 0
24 18 0 0 1 0
24 19 0 0 1 0
24 20 0 0 1 0
24 21 0 0 1 0
24 22 0 0 1 0
24 23 0 0 1 0
24 24 0 0 1 0
//
0 24 0 1 0 0
1 24 0 1 0 0
2 24 0 1 0 0
3 24 0 1 0 0
4 24 0 1 0 0
5 24 0 1 0 0
6 24 0 1 0 0
7 24 0 1 0 0
8 24 0 1 0 0
9 24 0 1 0 0
10 24 0 1 0 0
11 24 0 1 0 0
12 24 0 1 0 0
13 24 0 1 0 0
14 24 0 1 0 0
15 24 0 1 0 0
16 24 0 1 0 0
17 24 0 1 0 0
18 24 0 1 0 0
19 24 0 1 0 0
20 24 0 1 0 0
21 24 0 1 0 0
22 24 0 1 0 0
23 24 0 1 0 0
24 24 0 1 0 0
//
0 11 0 0 0 1 
0 18 0 1 0 0
//
1 1 1 0 0 1
1 2 1 0 0 0
1 3 1 0 0 0
1 4 1 0 0 0
1 5 1 1 0 0
1 8 1 0 0 1
1 9 1 1 0 0
1 11 0 0 1 1
1 12 0 0 1 0
1 13 0 0 1 0
1 14 0 0 1 0
1 15 0 0 1 0
1 18 0 1 0 0
1 21 1 0 1 1
1 22 1 0 0 0
1 23 1 1 0 0
//
2 1 0 0 0 1
2 3 0 0 1 0
2 5 0 1 1 0
2 8 0 0 0 1
2 9 0 1 0 0
2 16 0 0 0 1
2 18 0 1 0 0
2 22 0 0 1 1
2 23 0 1 0 0
//
3 1 0 0 0 1
3 2 0 1 1 0
3 4 0 1 1 1
3 8 0 0 1 1
3 9 0 0 1 0
3 10 1 0 1 0
3 11 1 0 0 0
3 12 1 0 0 0
3 13 1 1 0 0
3 16 0 0 1 1
3 17 0 0 1 0
3 18 0 1 1 0
3 23 0 1 1 1
//
4 1 0 1 0 1
4 11 0 0 1 1
4 12 0 0 1 0
4 13 0 1 1 0
//
5 1 0 1 1 1
//
6 4 1 0 0 1
6 5 1 0 0 0
6 6 1 0 0 0
6 7 1 0 0 0
6 8 1 1 0 0
6 15 1 0 1 1
6 16 1 0 1 0
6 17 1 0 0 0
6 18 1 1 0 0
//
7 4 0 0 0 1
7 7 0 0 1 0
7 8 0 1 1 0
7 10 1 0 0 1
7 11 1 1 0 0
7 17 0 0 0 1
7 18 0 1 0 0
//
8 1 1 0 0 1
8 2 1 1 0 0
8 4 0 0 0 1
8 6 0 1 0 0
8 10 0 0 0 1
8 12 1 0 0 0
8 13 1 0 0 0
8 14 1 1 0 0
8 17 0 0 0 1
8 19 1 0 0 0
8 20 1 0 0 0
8 21 1 1 0 0
//
9 1 0 0 0 1
9 2 0 1 0 0
9 4 0 0 0 1
9 6 0 1 0 0
9 8 1 0 1 1
9 9 1 0 1 0
9 12 0 0 1 0
9 13 0 0 1 0
9 14 0 1 1 0
9 17 0 0 1 1
9 21 0 1 0 0
//
10 1 0 0 1 1 
10 2 0 1 1 0
10 4 0 0 0 1 
10 6 0 1 0 0 
10 10 0 0 0 1 
10 11 0 1 0 0  
10 18 0 0 0 1
10 21 0 1 0 0
//
11 4 0 0 0 1
11 7 1 0 0 0
11 8 1 1 0 0
11 10 0 0 0 1
11 11 0 1 0 0
11 14 1 0 0 1
11 15 1 1 0 0
11 18 0 0 0 1
11 19 0 0 1 0
11 21 0 0 1 0
11 22 1 1 0 0
//
12 4 0 0 0 1
12 7 0 0 1 0
12 8 0 0 1 0
12 9 1 0 1 0
12 11 0 1 0 0
12 14 0 0 0 1
12 15 0 1 0 0
12 18 0 1 1 1
12 20 0 1 1 1
12 22 0 1 1 1
//
13 1 1 0 0 1
13 2 1 1 0 0
13 4 0 0 0 1
13 6 0 1 0 0
13 10 0 0 0 1
13 11 0 1 0 0
13 14 0 0 0 1
13 15 0 1 0 0
//
14 1 0 0 0 1
14 2 0 1 0 0
14 4 0 0 0 1
14 6 0 1 0 0
14 8 1 0 1 1
14 9 1 0 1 0
14 11 0 1 0 0
14 14 0 0 0 1
14 15 0 1 0 0
//
15 1 0 0 1 1
15 2 0 1 0 0
15 4 0 0 0 1
15 6 0 1 0 0
15 10 0 0 0 1
15 11 0 1 0 0
15 14 0 0 0 1
15 15 0 1 0 0
15 18 1 0 1 1
15 19 1 0 0 0
15 20 1 1 0 0
15 23 1 1 0 1
//
16 2 0 1 0 1
16 4 0 0 1 1
16 5 0 0 1 0
16 6 0 0 1 0
16 7 1 0 1 0
16 8 1 1 1 0
16 10 0 0 0 1
16 11 0 1 0 0
16 14 0 0 0 1
16 15 0 1 0 0
16 19 0 0 1 1
16 20 0 1 0 0
16 23 0 1 0 1
//
17 2 0 1 1 1
17 10 0 0 0 1
17 11 0 1 0 0
17 14 0 0 0 1
17 16 1 1 0 0
17 20 0 0 0 1
17 21 1 0 0 0
17 22 1 0 0 0
17 23 0 1 0 0
//
18 7 1 0 1 1
18 8 1 0 1 0
18 9 1 0 1 0
18 10 0 0 1 0
18 11 0 1 1 0
18 14 0 0 0 1
18 16 0 1 0 0
18 20 0 0 1 1
18 21 0 0 1 0
18 22 0 0 1 0
18 23 0 1 1 0
//
19 0 1 1 0 0
19 4 1 1 0 1
19 14 0 0 0 1
19 15 0 0 1 0
19 16 0 0 1 0
19 17 1 1 1 0
//
20 1 1 0 0 0
20 2 1 0 0 0
20 3 1 0 0 0
20 4 0 1 0 0
20 14 0 1 1 1
//
21 0 0 0 1 0
21 4 0 1 0 0
21 7 1 0 0 1
21 8 1 0 0 0
21 9 1 0 0 0
21 10 1 1 0 0
21 20 1 0 0 1
21 21 1 0 0 0
21 22 1 0 0 0
21 23 1 0 0 0
21 24 1 0 0 0
//
22 1 0 0 0 1
22 4 0 1 0 0
22 7 0 0 0 1
22 11 1 1 0 0
22 14 1 0 0 1
22 15 1 0 0 0
22 16 1 1 1 0
22 19 1 0 0 1
22 23 0 0 1 0
22 24 0 0 1 0
//
23 1 0 0 1 1
23 2 0 0 1 0
23 3 0 0 1 0
23 4 0 1 1 0
23 7 0 0 1 1
23 8 0 0 1 0
23 9 0 0 1 0
23 10 0 0 1 0
23 11 0 1 1 0
23 14 0 0 1 1
23 15 0 1 1 0
23 18 1 0 0 1
23 22 0 1 0 0
//
24 18 0 0 0 1
24 22 0 1 0 0